.1188817110965783
.34499071439864126
.6092820396451271
.3975295675585706
.725206987127907
.4645061076016246
.6484063555633468
.6375029345153091
.751417085319986
.9029047009993527
.6316408328521976
.400095153456582
.23719222120204653
.8476416831669606
.7041134673927596
.9542660006841337
.3841123255328187
.7239049237960997
.6088363996735735
.002595866663307911
.31786776620208945
.7329606909187885
.12225571572573868
.2712703550281017
.5427673465928009
.8493422448614001
.3665073604031883
.7682880599783188
.6643282934678112
.3916234575443853
.6208685002910634
.14258550601301923
.4244992260925138
.223561504058021
.04641664322418371
.4237633350754686
.32332684940556256
.0695461376033839
.7362407264604138
.7978705235034476
.08445608713947506
.7051473433000506
.9967514469241572
.6287346262454678
.7635077383474262
.4476212117747811
.09208646686703648
.8837953778718175
.4934154046385426
.0968860656793582
.21195155160669255
.32504501142059516
.8034609803396353
.7615273107612519
.2620656515334423
.34487617408034965
.10182483557238431
.8670708678858212
.2550290273909839
.023723673487346053
.007200251714875261
.40540074747411103
.5967494176557455
.9315033065900673
.04067006799860473
.9365089618745397
.7689078746321025
.15754486055089623
.25471843342011335
.4577778024006376
.09983386781901937
.636456790305558
.6111224343484676
.032136917688732725
.9755490253111134
.31086048792014376
.7379249335696936
.34627032451363915
.12730645866865742
.07528763437885222
.453186692913808
.06708076596314738
.32392358382906883
.5921109960689437
.37263508205061413
.5237241324753723
.3659762966543112
.7493545024923587
.9010617471712064
.7676778802940707
.9186751337461034
.3340356115153167
.8087379447594221
.2624333999987225
.6666127980267518
.72695609998579
.9948605384416815
.10766491402673739
.12156950861928251
.39768534393699473
