.6578855993374901
.4917737525513668
.5907033955043024
.08026932544683207
.272291984434454
.8794618148304962
.11834929855740461
.16786865470484647
.2486091555898884
.8605749933995759
.7552269654820931
.020704385315112317
.2783521393660304
.7963283551566998
.33539557207789295
.6417078006386032
.6663567452131287
.9537179926920403
.7643061273720486
.4954253927927965
.9519267598479739
.5767392684123775
.6696148014784595
.41382013907512194
.29720672659202263
.2970451730718162
.24594020787498683
.5927206269186389
.8652139866368265
.7893654379217161
.4658921064146664
.6316469015117183
.1462923192459713
.1312206961851312
.9058365240928019
.5067620182724013
.23414545289022537
.15843546172004852
.6680249329132142
.11777353002568525
.31522894254946743
.6636690841010644
.46746857252350527
.9480237666672664
.12005230930553745
.14848642028341907
.5277449549001114
.8768842041401637
.7255037824977821
.1470208706986087
.3057917030345212
.95982759610258
.3352494429624342
.9998751907125214
.27245286069719965
.3735595411819539
.8391603997535038
.14964525222512215
.5031223799124382
.2581730513470677
.1619209022731678
.273229503352564
.02481262868521994
.4299374037383126
.35989329596357034
.6268859070412098
.5278455443905816
.21406732700041586
.3267922430264776
.3380096362243903
.29604113480909744
.012959751046688561
.2574471644328491
.9169608189458587
.4345115075052357
.8543952599122471
.6775658620089011
.9375170054774209
.15083476640761861
.8511961001995596
.4335217129427471
.33493943283066807
.3204168642778711
.16883214763064802
.4301063063963939
.8627158443360319
.8762385785334181
.7082624486917672
.09465383244030523
.09268657870879404
.20047124637951796
.1950312219803687
.5688003277574691
.7190902711266736
.9370446255704457
.5606200820221536
.046938221467514696
.41921430841403384
.7197012839800425
.9894883816949844
